630	15.4	0.0508	55.5	0.0271925	129.330
315	12.3	0.1016	55.5	0.0368233	135.674
2000	0	0.3048	71.3	0.00266337	127.461
3150	0	0.1524	71.3	0.0015988	129.377
2500	3	0.3048	39.6	0.00495741	120.162
500	15.4	0.0508	71.3	0.0264269	127.285
8000	0	0.0508	55.5	0.00076193	130.156
4000	0	0.0508	55.5	0.00076193	134.946
3150	4	0.2286	31.7	0.00509068	120.229
250	15.4	0.0508	31.7	0.0289853	121.225
200	15.4	0.0508	71.3	0.0264269	123.595
800	8.9	0.1016	71.3	0.0103088	137.813
315	9.5	0.0254	39.6	0.00449821	119.294
800	7.2	0.1524	71.3	0.00752039	136.023
1250	19.7	0.0508	39.6	0.036484	118.634
6300	1.5	0.3048	39.6	0.00392107	114.751
4000	12.6	0.1524	71.3	0.0483159	108.034
2000	5.4	0.1524	31.7	0.00525474	122.771
1000	3	0.3048	39.6	0.00495741	128.312
12500	4.8	0.0254	71.3	0.000848633	127.688
3150	7.2	0.1524	71.3	0.00752039	116.783
6300	0	0.3048	55.5	0.00283081	117.976
1250	4	0.2286	71.3	0.00400603	131.718
10000	2.7	0.1524	71.3	0.00243851	116.724
1000	12.7	0.0254	71.3	0.0121808	131.698
2000	15.6	0.1016	71.3	0.0437259	119.888
500	11.2	0.0508	39.6	0.0150478	131.960
400	7.3	0.2286	39.6	0.0123481	132.039
8000	3.3	0.1016	55.5	0.002211	120.569
800	4	0.3048	39.6	0.00579636	130.723
1600	0	0.0508	39.6	0.000791822	130.908
5000	4.8	0.0254	71.3	0.000848633	135.468
1250	6.7	0.1016	55.5	0.0052139	136.883
3150	15.6	0.1016	39.6	0.0528487	109.254
4000	0	0.0508	71.3	0.000740478	134.430
630	3.3	0.1016	39.6	0.00245138	127.251
5000	0	0.3048	55.5	0.00283081	119.606
2000	4	0.2286	39.6	0.00473801	121.659
3150	19.7	0.0508	39.6	0.036484	113.004
2500	12.6	0.1524	71.3	0.0483159	115.234
630	0	0.3048	55.5	0.00283081	127.696
6300	0	0.3048	31.7	0.00331266	113.775
6300	4	0.2286	39.6	0.00473801	114.249
1000	22.2	0.0254	39.6	0.0229028	128.416
4000	7.3	0.2286	71.3	0.0104404	119.208
3150	1.5	0.3048	39.6	0.00392107	119.111
2000	7.3	0.2286	39.6	0.0123481	117.809
1250	9.5	0.0254	39.6	0.00449821	130.964
800	22.2	0.0254	71.3	0.0214178	123.227
10000	0	0.0254	39.6	0.000428464	133.376
1600	2.7	0.1524	71.3	0.00243851	130.644
200	9.9	0.1524	31.7	0.0252785	127.299
1250	8.4	0.0508	71.3	0.00529514	132.086
10000	1.5	0.3048	71.3	0.00336729	113.492
4000	4.8	0.0254	71.3	0.000848633	134.928
5000	3	0.3048	71.3	0.00425727	118.134
2500	2	0.2286	55.5	0.00313525	123.862
4000	15.4	0.0508	31.7	0.0289853	115.635
2500	0	0.1016	55.5	0.00131983	133.040
4000	0	0.1524	39.6	0.00193287	125.343
4000	0	0.0254	39.6	0.000428464	135.346
4000	3	0.3048	31.7	0.00529514	115.608
10000	0	0.1016	39.6	0.00146332	119.561
1250	3	0.3048	31.7	0.00529514	124.838
3150	0	0.1016	55.5	0.00131983	131.780
8000	0	0.1524	55.5	0.00172668	121.903
1000	0	0.1016	55.5	0.00131983	129.800
3150	3.3	0.1016	39.6	0.00245138	128.401
2000	8.4	0.0508	71.3	0.00529514	134.476
400	9.5	0.0254	31.7	0.00461377	124.756
8000	15.4	0.0508	71.3	0.0264269	112.675
200	12.3	0.1016	39.6	0.0408268	128.545
10000	0	0.2286	71.3	0.00214345	118.134
315	12.6	0.1524	71.3	0.0483159	128.484
6300	9.5	0.0254	55.5	0.0043284	124.222
800	4.8	0.0254	31.7	0.000930789	122.648
500	8.4	0.0508	31.7	0.00580776	122.966
1000	0	0.2286	31.7	0.0027238	130.595
500	22.2	0.0254	71.3	0.0214178	117.967
2000	3.3	0.1016	39.6	0.00245138	132.301
10000	0	0.1016	55.5	0.00131983	121.930
1250	3.3	0.1016	31.7	0.00251435	134.022
1600	3.3	0.1016	71.3	0.00202822	133.664
5000	12.6	0.1524	71.3	0.0483159	108.034
6300	3.3	0.1016	55.5	0.002211	123.839
4000	3.3	0.1016	39.6	0.00245138	124.881
315	12.7	0.0254	71.3	0.0121808	122.938
500	3	0.3048	55.5	0.00452492	128.179
10000	0	0.1524	55.5	0.00172668	119.253
800	1.5	0.3048	71.3	0.00336729	127.122
1000	0	0.2286	39.6	0.00253511	130.435
1000	8.4	0.0508	71.3	0.00529514	129.946
1000	15.6	0.1016	71.3	0.0437259	124.438
200	22.2	0.0254	39.6	0.0229028	116.066
5000	4	0.2286	55.5	0.0042862	120.034
3150	0	0.0254	55.5	0.00041229	130.503
315	0	0.3048	39.6	0.00310138	122.779
2000	5.3	0.2286	39.6	0.00614329	117.911
10000	4.8	0.0254	71.3	0.000848633	127.398
500	17.4	0.0254	31.7	0.0176631	127.676
315	15.6	0.1016	71.3	0.0437259	133.808
2000	6.7	0.1016	71.3	0.00478288	134.568
4000	17.4	0.0254	39.6	0.0172206	122.724
250	0	0.3048	31.7	0.00331266	118.595
400	9.9	0.1524	31.7	0.0252785	128.939
5000	0	0.3048	39.6	0.00310138	117.789
250	7.3	0.2286	39.6	0.0123481	131.889
630	15.4	0.0508	71.3	0.0264269	129.645
400	2	0.2286	71.3	0.00293031	125.116
315	4	0.3048	71.3	0.00497773	128.175
2500	0	0.0254	39.6	0.000428464	131.836
4000	12.7	0.0254	71.3	0.0121808	131.808
8000	4.2	0.0508	71.3	0.00142788	125.268
2500	0	0.0508	71.3	0.000740478	131.310
3150	1.5	0.3048	71.3	0.00336729	123.392
1250	3.3	0.1016	39.6	0.00245138	133.211
1600	4.8	0.0254	39.6	0.000907475	125.966
3150	0	0.0508	55.5	0.00076193	134.826
400	3	0.3048	39.6	0.00495741	125.472
2500	7.3	0.2286	39.6	0.0123481	116.559
8000	0	0.0254	55.5	0.00041229	136.163
500	0	0.3048	55.5	0.00283081	126.416
5000	2.7	0.1524	39.6	0.00294804	121.499
10000	3	0.3048	71.3	0.00425727	110.224
5000	8.9	0.1016	39.6	0.0124596	113.080
5000	15.4	0.0508	31.7	0.0289853	112.355
800	9.5	0.0254	55.5	0.0043284	128.082
10000	2.7	0.1524	39.6	0.00294804	112.589
315	0	0.2286	55.5	0.00229336	119.540
3150	8.9	0.1016	39.6	0.0124596	119.350
800	0	0.3048	31.7	0.00331266	129.235
400	4	0.2286	39.6	0.00473801	123.879
630	6.7	0.1016	39.6	0.00578076	133.355
16000	0	0.0254	39.6	0.000428464	124.986
200	19.7	0.0508	39.6	0.036484	125.974
1600	0	0.0508	55.5	0.00076193	128.576
200	7.3	0.2286	31.7	0.0132672	128.679
2500	8.9	0.1016	71.3	0.0103088	123.623
1600	17.4	0.0254	55.5	0.0165706	126.471
3150	7.3	0.2286	71.3	0.0104404	120.458
800	7.3	0.2286	71.3	0.0104404	130.748
630	5.4	0.1524	31.7	0.00525474	131.471
200	15.4	0.0508	31.7	0.0289853	119.975
1250	15.6	0.1016	39.6	0.0528487	118.214
3150	7.3	0.2286	55.5	0.0111706	117.134
1600	15.4	0.0508	55.5	0.0271925	128.200
6300	5.3	0.2286	39.6	0.00614329	112.541
6300	4.8	0.0254	31.7	0.000930789	132.898
6300	4	0.2286	31.7	0.00509068	112.699
12500	0	0.0508	71.3	0.000740478	125.220
8000	12.7	0.0254	71.3	0.0121808	120.538
2500	9.5	0.0254	55.5	0.0043284	134.152
1250	5.3	0.2286	39.6	0.00614329	125.721
400	17.4	0.0254	71.3	0.016104	117.396
500	15.4	0.0508	31.7	0.0289853	123.695
630	12.3	0.1016	31.7	0.0418756	119.287
315	0	0.3048	31.7	0.00331266	122.765
315	11.2	0.0508	71.3	0.014072	128.381
500	4	0.2286	71.3	0.00400603	126.758
3150	0	0.1524	31.7	0.00209405	124.207
5000	12.7	0.0254	39.6	0.0130253	125.107
1000	15.6	0.1016	39.6	0.0528487	119.224
4000	0	0.2286	71.3	0.00214345	125.824
12500	4.2	0.0508	71.3	0.00142788	117.328
630	9.9	0.1524	55.5	0.0208438	127.315
6300	5.4	0.1524	71.3	0.00401199	116.411
1250	0	0.1016	31.7	0.00150092	133.063
6300	5.4	0.1524	39.6	0.00485029	116.677
800	15.6	0.1016	39.6	0.0528487	118.964
8000	4.8	0.0254	71.3	0.000848633	131.518
1600	5.4	0.1524	31.7	0.00525474	123.761
3150	19.7	0.0508	71.3	0.0341183	116.225
630	3.3	0.1016	55.5	0.002211	126.599
1600	0	0.1524	71.3	0.0015988	129.667
3150	17.4	0.0254	39.6	0.0172206	123.564
2500	19.7	0.0508	71.3	0.0341183	118.385
16000	4.8	0.0254	71.3	0.000848633	124.208
1600	17.4	0.0254	71.3	0.016104	126.406
1250	3	0.3048	55.5	0.00452492	127.329
200	15.6	0.1016	39.6	0.0528487	123.514
400	11.2	0.0508	39.6	0.0150478	130.670
1250	0	0.1524	31.7	0.00209405	131.467
800	3.3	0.1016	71.3	0.00202822	131.074
10000	4.8	0.0254	55.5	0.000873218	126.944
6300	0	0.0508	71.3	0.000740478	133.040
2500	5.3	0.2286	71.3	0.0051942	123.740
1600	7.3	0.2286	55.5	0.0111706	123.354
800	7.3	0.2286	39.6	0.0123481	126.299
500	15.4	0.0508	55.5	0.0271925	127.220
10000	7.2	0.1524	71.3	0.00752039	110.313
5000	1.5	0.3048	39.6	0.00392107	116.241
5000	3	0.3048	39.6	0.00495741	115.792
3150	12.3	0.1016	39.6	0.0408268	113.055
630	4.8	0.0254	39.6	0.000907475	118.696
4000	0	0.2286	39.6	0.00253511	123.465
3150	7.3	0.2286	39.6	0.0123481	114.309
1250	7.3	0.2286	55.5	0.0111706	125.724
2000	0	0.3048	31.7	0.00331266	122.375
1000	7.2	0.1524	39.6	0.00909175	128.338
630	12.7	0.0254	71.3	0.0121808	128.878
2500	0	0.2286	55.5	0.00229336	126.540
5000	15.6	0.1016	39.6	0.0528487	106.224
1600	0	0.2286	71.3	0.00214345	129.134
12500	0	0.2286	71.3	0.00214345	117.624
4000	0	0.0508	39.6	0.000791822	135.308
800	4	0.2286	31.7	0.00509068	130.869
20000	4.8	0.0254	71.3	0.000848633	119.708
3150	0	0.2286	39.6	0.00253511	124.625
800	6.7	0.1016	31.7	0.00592927	132.886
2500	12.3	0.1016	39.6	0.0408268	113.315
250	12.3	0.1016	39.6	0.0408268	129.675
250	17.4	0.0254	39.6	0.0172206	114.714
630	19.7	0.0508	39.6	0.036484	120.324
8000	0	0.0508	39.6	0.000791822	128.518
1600	0	0.3048	71.3	0.00266337	127.591
4000	9.5	0.0254	71.3	0.00420654	134.236
6300	9.9	0.1524	55.5	0.0208438	110.555
1600	5.4	0.1524	71.3	0.00401199	133.241
1000	2	0.2286	55.5	0.00313525	129.002
8000	22.2	0.0254	71.3	0.0214178	121.657
500	9.5	0.0254	39.6	0.00449821	123.894
4000	0	0.3048	55.5	0.00283081	121.106
1250	1.5	0.3048	39.6	0.00392107	125.211
5000	0	0.1016	39.6	0.00146332	126.021
2500	4.8	0.0254	55.5	0.000873218	129.144
1250	6.7	0.1016	31.7	0.00592927	129.256
315	5.4	0.1524	39.6	0.00485029	125.347
1600	0	0.2286	31.7	0.0027238	125.625
800	11.2	0.0508	71.3	0.014072	136.031
1000	6.7	0.1016	39.6	0.00578076	134.515
2000	3	0.3048	31.7	0.00529514	120.088
2500	9.9	0.1524	31.7	0.0252785	114.729
3150	2.7	0.1524	39.6	0.00294804	122.919
1000	12.3	0.1016	39.6	0.0408268	122.435
2000	7.2	0.1524	39.6	0.00909175	120.228
1000	5.4	0.1524	55.5	0.00433288	132.127
400	5.4	0.1524	55.5	0.00433288	126.807
6300	12.3	0.1016	71.3	0.0337792	113.958
2000	0	0.0508	31.7	0.000812164	133.010
1000	15.4	0.0508	71.3	0.0264269	131.865
315	9.9	0.1524	55.5	0.0208438	132.355
1250	17.4	0.0254	39.6	0.0172206	131.364
3150	15.6	0.1016	71.3	0.0437259	116.468
315	12.6	0.1524	39.6	0.0584113	116.020
1600	0	0.0254	39.6	0.000428464	124.156
2000	9.5	0.0254	39.6	0.00449821	131.274
2500	0	0.2286	31.7	0.0027238	123.445
800	12.7	0.0254	39.6	0.0130253	130.217
1600	0	0.3048	31.7	0.00331266	122.365
400	5.3	0.2286	39.6	0.00614329	131.221
5000	3	0.3048	31.7	0.00529514	113.858
5000	0	0.1524	71.3	0.0015988	126.457
630	8.4	0.0508	55.5	0.00544854	126.152
2000	3	0.3048	71.3	0.00425727	125.524
4000	12.3	0.1016	39.6	0.0408268	110.905
500	15.6	0.1016	71.3	0.0437259	130.638
500	6.7	0.1016	39.6	0.00578076	130.955
2000	9.9	0.1524	55.5	0.0208438	119.505
630	4	0.3048	71.3	0.00497773	131.615
1250	7.3	0.2286	31.7	0.0132672	120.509
4000	8.9	0.1016	71.3	0.0103088	120.243
2000	0	0.1524	39.6	0.00193287	129.633
800	12.6	0.1524	39.6	0.0584113	116.560
1000	3.3	0.1016	31.7	0.00251435	133.012
500	6.7	0.1016	55.5	0.0052139	129.343
630	12.3	0.1016	55.5	0.0368233	124.244
2500	11.2	0.0508	39.6	0.0150478	122.170
8000	2	0.2286	71.3	0.00293031	115.996
1000	12.6	0.1524	39.6	0.0584113	114.670
3150	17.4	0.0254	71.3	0.016104	126.536
2500	8.9	0.1016	39.6	0.0124596	119.190
2000	15.4	0.0508	39.6	0.0282593	123.443
400	12.3	0.1016	55.5	0.0368233	136.414
315	9.9	0.1524	31.7	0.0252785	128.809
1250	8.9	0.1016	39.6	0.0124596	127.710
6300	0	0.0508	31.7	0.000812164	130.340
630	2.7	0.1524	39.6	0.00294804	125.809
800	6.7	0.1016	55.5	0.0052139	135.953
1250	0	0.3048	55.5	0.00283081	126.086
6300	0	0.2286	71.3	0.00214345	122.044
5000	4	0.2286	31.7	0.00509068	115.969
10000	0	0.3048	55.5	0.00283081	113.076
1250	2.7	0.1524	39.6	0.00294804	130.829
4000	15.4	0.0508	71.3	0.0264269	122.675
1250	3	0.3048	71.3	0.00425727	127.634
4000	4.2	0.0508	71.3	0.00142788	133.598
400	9.5	0.0254	39.6	0.00449821	121.154
6300	0	0.2286	31.7	0.0027238	116.815
500	5.4	0.1524	71.3	0.00401199	126.291
630	6.7	0.1016	71.3	0.00478288	131.448
1250	9.9	0.1524	55.5	0.0208438	121.635
630	5.3	0.2286	71.3	0.0051942	131.800
2500	3.3	0.1016	31.7	0.00251435	130.392
3150	9.9	0.1524	31.7	0.0252785	112.209
800	2	0.2286	31.7	0.00372371	130.307
2000	8.9	0.1016	71.3	0.0103088	124.233
500	19.7	0.0508	39.6	0.036484	128.444
500	8.9	0.1016	39.6	0.0124596	133.790
630	0	0.3048	39.6	0.00310138	128.629
3150	6.7	0.1016	71.3	0.00478288	124.458
1250	4	0.2286	31.7	0.00509068	128.119
3150	0	0.0508	31.7	0.000812164	135.490
1600	2.7	0.1524	39.6	0.00294804	130.049
2000	0	0.3048	39.6	0.00310138	123.689
800	8.4	0.0508	71.3	0.00529514	127.556
400	9.9	0.1524	71.3	0.0193001	135.079
1600	9.5	0.0254	71.3	0.00420654	133.756
2000	2	0.2286	39.6	0.00346574	122.797
250	19.7	0.0508	39.6	0.036484	127.224
3150	4.8	0.0254	39.6	0.000907475	133.436
630	4	0.2286	55.5	0.0042862	129.964
6300	5.4	0.1524	55.5	0.00433288	117.287
2000	1.5	0.3048	39.6	0.00392107	122.101
3150	3	0.3048	55.5	0.00452492	120.189
400	8.9	0.1016	39.6	0.0124596	135.540
1600	0	0.1524	31.7	0.00209405	130.817
630	12.6	0.1524	71.3	0.0483159	123.304
16000	0	0.1524	71.3	0.0015988	113.297
4000	5.3	0.2286	71.3	0.0051942	120.330
4000	22.2	0.0254	71.3	0.0214178	123.917
250	4	0.3048	39.6	0.00579636	123.543
1000	9.5	0.0254	71.3	0.00420654	129.556
2000	5.4	0.1524	71.3	0.00401199	131.111
3150	12.7	0.0254	39.6	0.0130253	127.847
2500	17.4	0.0254	55.5	0.0165706	124.931
1600	19.7	0.0508	39.6	0.036484	117.604
2000	4.2	0.0508	39.6	0.00152689	132.587
3150	7.3	0.2286	31.7	0.0132672	113.229
800	4	0.2286	39.6	0.00473801	130.469
1600	5.4	0.1524	55.5	0.00433288	130.567
6300	9.5	0.0254	71.3	0.00420654	127.246
500	5.4	0.1524	55.5	0.00433288	129.367
630	11.2	0.0508	39.6	0.0150478	133.130
500	12.3	0.1016	31.7	0.0418756	118.667
1250	0	0.2286	31.7	0.0027238	128.805
3150	0	0.0508	39.6	0.000791822	135.938
400	2	0.2286	39.6	0.00346574	122.147
800	17.4	0.0254	55.5	0.0165706	123.091
400	6.7	0.1016	39.6	0.00578076	128.295
2500	4	0.2286	31.7	0.00509068	120.209
4000	12.3	0.1016	31.7	0.0418756	108.407
1250	7.3	0.2286	71.3	0.0104404	127.358
2500	6.7	0.1016	55.5	0.0052139	124.273
200	17.4	0.0254	31.7	0.0176631	116.146
1600	5.3	0.2286	39.6	0.00614329	123.081
1000	15.4	0.0508	55.5	0.0271925	130.400
4000	5.4	0.1524	71.3	0.00401199	121.431
2500	1.5	0.3048	39.6	0.00392107	120.981
800	3.3	0.1016	39.6	0.00245138	129.991
2000	19.7	0.0508	39.6	0.036484	117.724
1000	19.7	0.0508	39.6	0.036484	118.904
3150	5.3	0.2286	71.3	0.0051942	123.120
8000	0	0.3048	71.3	0.00266337	117.151
5000	22.2	0.0254	39.6	0.0229028	118.816
800	0	0.0508	71.3	0.000740478	130.960
4000	15.6	0.1016	71.3	0.0437259	113.298
630	5.4	0.1524	55.5	0.00433288	131.807
2500	7.3	0.2286	71.3	0.0104404	122.088
2500	5.3	0.2286	39.6	0.00614329	116.151
4000	0	0.0254	71.3	0.000400682	138.557
2000	0	0.1524	31.7	0.00209405	128.907
1600	0	0.1524	55.5	0.00172668	130.183
5000	0	0.0508	55.5	0.00076193	134.556
10000	0	0.3048	39.6	0.00310138	112.139
800	2	0.2286	39.6	0.00346574	129.037
1250	5.3	0.2286	71.3	0.0051942	133.380
200	15.4	0.0508	55.5	0.0271925	122.940
1250	17.4	0.0254	71.3	0.016104	126.356
1000	11.2	0.0508	71.3	0.014072	136.941
8000	1.5	0.3048	39.6	0.00392107	112.251
2500	22.2	0.0254	39.6	0.0229028	121.306
3150	4	0.3048	39.6	0.00579636	118.743
800	3	0.3048	71.3	0.00425727	129.494
3150	3	0.3048	71.3	0.00425727	121.514
4000	4.8	0.0254	39.6	0.000907475	134.996
3150	9.5	0.0254	31.7	0.00461377	128.536
1000	0	0.1016	71.3	0.00121072	128.825
400	17.4	0.0254	39.6	0.0172206	115.444
3150	8.4	0.0508	39.6	0.00566229	123.965
4000	0	0.2286	55.5	0.00229336	123.410
6300	8.9	0.1016	39.6	0.0124596	113.110
630	9.9	0.1524	31.7	0.0252785	126.049
1250	11.2	0.0508	39.6	0.0150478	130.050
400	4	0.3048	39.6	0.00579636	128.633
2000	0	0.1016	39.6	0.00146332	133.251
1250	12.3	0.1016	31.7	0.0418756	118.767
630	5.4	0.1524	39.6	0.00485029	132.357
6300	12.6	0.1524	39.6	0.0584113	103.380
8000	4.8	0.0254	55.5	0.000873218	132.184
5000	17.4	0.0254	31.7	0.0176631	117.996
2000	17.4	0.0254	71.3	0.016104	126.826
3150	9.5	0.0254	55.5	0.0043284	133.252
250	15.6	0.1016	39.6	0.0528487	124.644
500	9.9	0.1524	39.6	0.0233328	126.835
6300	7.3	0.2286	39.6	0.0123481	110.839
4000	3.3	0.1016	55.5	0.002211	127.229
800	0	0.0508	39.6	0.000791822	126.508
2000	2.7	0.1524	71.3	0.00243851	130.114
6300	12.3	0.1016	31.7	0.0418756	107.267
10000	4.2	0.0508	39.6	0.00152689	116.967
1250	9.5	0.0254	31.7	0.00461377	131.446
630	0	0.1016	55.5	0.00131983	126.170
1000	4	0.2286	55.5	0.0042862	132.134
5000	5.4	0.1524	71.3	0.00401199	120.061
1250	7.2	0.1524	71.3	0.00752039	132.513
1250	17.4	0.0254	31.7	0.0176631	128.306
3150	0	0.3048	71.3	0.00266337	125.201
3150	3.3	0.1016	55.5	0.002211	130.629
3150	0	0.1524	39.6	0.00193287	125.603
4000	15.6	0.1016	39.6	0.0528487	106.604
2000	4.2	0.0508	71.3	0.00142788	129.848
10000	3	0.3048	55.5	0.00452492	112.169
5000	9.5	0.0254	55.5	0.0043284	128.412
16000	1.5	0.3048	71.3	0.00336729	106.582
2000	12.3	0.1016	55.5	0.0368233	118.564
630	3	0.3048	39.6	0.00495741	129.292
630	0	0.3048	31.7	0.00331266	129.095
1000	9.5	0.0254	31.7	0.00461377	131.346
2000	7.2	0.1524	71.3	0.00752039	128.643
1000	5.4	0.1524	31.7	0.00525474	128.241
250	9.9	0.1524	39.6	0.0233328	128.335
630	7.3	0.2286	39.6	0.0123481	128.929
1000	2	0.2286	31.7	0.00372371	130.307
6300	0	0.1016	39.6	0.00146332	125.631
1250	5.4	0.1524	71.3	0.00401199	134.111
6300	9.9	0.1524	71.3	0.0193001	112.039
800	6.7	0.1016	71.3	0.00478288	134.478
400	11.2	0.0508	71.3	0.014072	129.281
2500	4	0.2286	39.6	0.00473801	119.649
4000	9.5	0.0254	55.5	0.0043284	131.582
800	12.3	0.1016	55.5	0.0368233	125.114
1250	1.5	0.3048	71.3	0.00336729	125.872
1600	0	0.1524	39.6	0.00193287	131.013
800	9.9	0.1524	55.5	0.0208438	126.565
630	4	0.2286	39.6	0.00473801	129.579
630	15.6	0.1016	71.3	0.0437259	122.288
400	8.4	0.0508	55.5	0.00544854	121.582
16000	0	0.0254	71.3	0.000400682	130.477
20000	4	0.2286	71.3	0.00400603	109.638
500	17.4	0.0254	39.6	0.0172206	117.514
3150	12.6	0.1524	39.6	0.0584113	106.260
5000	5.3	0.2286	39.6	0.00614329	115.311
2500	5.4	0.1524	55.5	0.00433288	124.077
200	19.7	0.0508	71.3	0.0341183	118.005
2000	8.4	0.0508	55.5	0.00544854	133.042
1250	15.6	0.1016	71.3	0.0437259	123.178
630	0	0.2286	31.7	0.0027238	129.465
2500	8.4	0.0508	71.3	0.00529514	134.226
2000	17.4	0.0254	39.6	0.0172206	126.644
1250	0	0.2286	71.3	0.00214345	128.144
8000	4.8	0.0254	39.6	0.000907475	131.346
1000	7.3	0.2286	71.3	0.0104404	126.838
2500	0	0.1016	39.6	0.00146332	132.611
5000	17.4	0.0254	55.5	0.0165706	118.941
2500	17.4	0.0254	31.7	0.0176631	124.166
5000	7.3	0.2286	55.5	0.0111706	113.144
1600	0	0.3048	55.5	0.00283081	126.986
1000	0	0.1524	71.3	0.0015988	127.307
1250	0	0.1524	71.3	0.0015988	128.927
400	12.3	0.1016	31.7	0.0418756	123.207
800	8.4	0.0508	55.5	0.00544854	128.562
5000	17.4	0.0254	39.6	0.0172206	119.854
1000	0	0.1016	39.6	0.00146332	130.781
1600	2	0.2286	31.7	0.00372371	125.797
250	8.9	0.1016	71.3	0.0103088	134.533
315	0	0.2286	39.6	0.00253511	121.055
250	15.6	0.1016	71.3	0.0437259	132.158
1600	3.3	0.1016	55.5	0.002211	133.649
1250	0	0.1524	55.5	0.00172668	129.953
500	4.8	0.0254	39.6	0.000907475	116.366
500	17.4	0.0254	71.3	0.016104	119.806
315	15.4	0.0508	31.7	0.0289853	122.845
4000	8.4	0.0508	31.7	0.00580776	118.106
6300	0	0.3048	39.6	0.00310138	116.229
400	0	0.2286	55.5	0.00229336	121.660
5000	7.3	0.2286	31.7	0.0132672	111.029
1000	15.4	0.0508	31.7	0.0289853	124.525
5000	12.3	0.1016	55.5	0.0368233	112.014
4000	3	0.3048	55.5	0.00452492	118.689
1250	3.3	0.1016	71.3	0.00202822	132.304
1000	5.3	0.2286	71.3	0.0051942	134.000
1000	4	0.2286	31.7	0.00509068	129.869
1250	0	0.3048	31.7	0.00331266	124.355
3150	9.9	0.1524	71.3	0.0193001	116.849
4000	4	0.3048	39.6	0.00579636	115.863
400	5.4	0.1524	71.3	0.00401199	124.121
1600	7.2	0.1524	71.3	0.00752039	130.893
3150	12.6	0.1524	71.3	0.0483159	113.334
3150	0	0.1524	55.5	0.00172668	127.753
5000	4.8	0.0254	55.5	0.000873218	135.484
1600	8.9	0.1016	71.3	0.0103088	128.763
3150	5.3	0.2286	39.6	0.00614329	118.441
6300	4	0.2286	55.5	0.0042862	117.154
630	15.6	0.1016	39.6	0.0528487	118.084
2000	4	0.2286	31.7	0.00509068	122.089
2500	19.7	0.0508	39.6	0.036484	116.184
1000	12.3	0.1016	55.5	0.0368233	125.484
315	11.2	0.0508	39.6	0.0150478	128.990
2500	4	0.2286	55.5	0.0042862	122.384
1250	3	0.3048	39.6	0.00495741	125.802
2000	2	0.2286	71.3	0.00293031	126.896
1250	0	0.1016	55.5	0.00131983	131.430
315	1.5	0.3048	39.6	0.00392107	121.851
315	19.7	0.0508	39.6	0.036484	129.864
800	0	0.1016	55.5	0.00131983	127.920
1000	0	0.0508	71.3	0.000740478	129.450
500	15.4	0.0508	39.6	0.0282593	125.963
2500	3	0.3048	55.5	0.00452492	122.439
250	17.4	0.0254	55.5	0.0165706	110.491
800	0	0.3048	71.3	0.00266337	126.201
6300	0	0.1016	71.3	0.00121072	129.395
315	15.6	0.1016	39.6	0.0528487	122.754
3150	2.7	0.1524	71.3	0.00243851	127.054
3150	9.5	0.0254	71.3	0.00420654	136.166
5000	0	0.3048	31.7	0.00331266	115.645
10000	0	0.1016	31.7	0.00150092	115.893
1000	3	0.3048	31.7	0.00529514	126.838
2000	5.4	0.1524	39.6	0.00485029	124.647
2500	0	0.0508	31.7	0.000812164	134.870
400	12.6	0.1524	39.6	0.0584113	115.910
6300	15.4	0.0508	39.6	0.0282593	109.663
4000	9.9	0.1524	71.3	0.0193001	115.079
2500	15.6	0.1016	71.3	0.0437259	118.998
1000	9.9	0.1524	31.7	0.0252785	122.149
400	5.4	0.1524	39.6	0.00485029	127.637
3150	17.4	0.0254	31.7	0.0176631	123.466
200	9.9	0.1524	55.5	0.0208438	131.955
1000	0	0.3048	31.7	0.00331266	127.365
630	5.4	0.1524	71.3	0.00401199	128.971
8000	0	0.1524	31.7	0.00209405	117.957
10000	4.2	0.0508	71.3	0.00142788	121.238
6300	3	0.3048	71.3	0.00425727	116.134
6300	8.9	0.1016	71.3	0.0103088	117.253
1250	0	0.2286	39.6	0.00253511	129.395
2500	2.7	0.1524	71.3	0.00243851	128.334
630	0	0.1016	39.6	0.00146332	125.401
630	9.5	0.0254	55.5	0.0043284	125.452
1600	5.4	0.1524	39.6	0.00485029	126.267
12500	0	0.0254	55.5	0.00041229	131.453
4000	4	0.2286	31.7	0.00509068	118.859
1000	0	0.0508	55.5	0.00076193	125.586
5000	15.4	0.0508	55.5	0.0271925	117.110
2500	7.2	0.1524	71.3	0.00752039	124.353
1250	12.7	0.0254	71.3	0.0121808	133.048
315	7.3	0.2286	39.6	0.0123481	132.149
800	9.5	0.0254	39.6	0.00449821	129.014
315	9.9	0.1524	39.6	0.0233328	128.595
400	3	0.3048	71.3	0.00425727	127.564
1000	0	0.0508	31.7	0.000812164	126.780
800	15.4	0.0508	71.3	0.0264269	131.515
16000	0	0.1524	55.5	0.00172668	112.803
4000	0	0.2286	31.7	0.0027238	122.035
6300	9.9	0.1524	39.6	0.0233328	109.885
2500	7.2	0.1524	39.6	0.00909175	117.478
5000	22.2	0.0254	71.3	0.0214178	125.727
315	15.4	0.0508	39.6	0.0282593	124.493
630	17.4	0.0254	31.7	0.0176631	136.886
4000	1.5	0.3048	39.6	0.00392107	117.741
200	7.3	0.2286	39.6	0.0123481	130.989
12500	0	0.0508	55.5	0.00076193	125.376
20000	0	0.2286	71.3	0.00214345	114.474
1250	2	0.2286	71.3	0.00293031	128.816
8000	0	0.1016	71.3	0.00121072	125.465
1250	7.3	0.2286	39.6	0.0123481	123.189
1000	0	0.3048	71.3	0.00266337	125.201
4000	3	0.3048	39.6	0.00495741	116.792
500	0	0.2286	55.5	0.00229336	123.780
3150	9.9	0.1524	55.5	0.0208438	115.085
1000	7.2	0.1524	71.3	0.00752039	134.273
8000	3.3	0.1016	39.6	0.00245138	118.091
800	0	0.2286	55.5	0.00229336	127.530
500	0	0.1524	55.5	0.00172668	120.573
2000	4.8	0.0254	31.7	0.000930789	130.148
8000	4.8	0.0254	31.7	0.000930789	127.008
800	15.4	0.0508	55.5	0.0271925	130.430
630	6.7	0.1016	55.5	0.0052139	133.023
1000	22.2	0.0254	71.3	0.0214178	134.247
6300	1.5	0.3048	71.3	0.00336729	118.122
3150	0	0.0254	31.7	0.000439472	135.227
5000	0	0.2286	39.6	0.00253511	122.175
4000	4	0.3048	71.3	0.00497773	119.535
6300	4	0.2286	71.3	0.00400603	118.618
200	0	0.3048	31.7	0.00331266	117.195
10000	0	0.0254	55.5	0.00041229	134.563
4000	0	0.1016	39.6	0.00146332	127.801
500	12.3	0.1016	55.5	0.0368233	133.774
1250	15.4	0.0508	71.3	0.0264269	130.845
2500	2	0.2286	31.7	0.00372371	121.407
800	5.4	0.1524	39.6	0.00485029	132.757
630	22.2	0.0254	71.3	0.0214178	120.657
2000	0	0.0508	55.5	0.00076193	131.456
8000	0	0.0508	31.7	0.000812164	126.590
5000	1.5	0.3048	71.3	0.00336729	119.632
500	19.7	0.0508	71.3	0.0341183	126.995
800	3	0.3048	55.5	0.00452492	129.949
250	17.4	0.0254	71.3	0.016104	113.796
400	3	0.3048	55.5	0.00452492	126.159
200	8.9	0.1016	39.6	0.0124596	133.420
1000	0	0.2286	55.5	0.00229336	128.290
800	4	0.3048	71.3	0.00497773	131.755
5000	3	0.3048	55.5	0.00452492	117.309
6300	7.3	0.2286	71.3	0.0104404	115.818
5000	12.3	0.1016	31.7	0.0418756	107.147
2500	7.3	0.2286	31.7	0.0132672	114.709
12500	1.5	0.3048	39.6	0.00392107	106.111
5000	12.6	0.1524	39.6	0.0584113	104.130
315	12.7	0.0254	39.6	0.0130253	123.537
4000	12.3	0.1016	55.5	0.0368233	114.404
250	8.9	0.1016	39.6	0.0124596	134.340
1000	0	0.3048	39.6	0.00310138	127.899
2500	0	0.3048	39.6	0.00310138	121.399
1600	4	0.2286	31.7	0.00509068	125.229
5000	7.2	0.1524	71.3	0.00752039	118.343
2500	0	0.3048	55.5	0.00283081	124.106
2000	6.7	0.1016	55.5	0.0052139	129.653
5000	0	0.1016	55.5	0.00131983	128.360
2500	5.4	0.1524	31.7	0.00525474	119.151
400	4	0.2286	31.7	0.00509068	126.149
500	17.4	0.0254	55.5	0.0165706	119.621
8000	4	0.3048	71.3	0.00497773	113.665
400	5.3	0.2286	71.3	0.0051942	127.700
5000	9.9	0.1524	31.7	0.0252785	109.949
2000	12.6	0.1524	39.6	0.0584113	109.520
4000	4	0.2286	71.3	0.00400603	121.728
800	0	0.1016	31.7	0.00150092	129.053
200	7.3	0.2286	71.3	0.0104404	138.758
2500	4.2	0.0508	71.3	0.00142788	131.978
500	3	0.3048	39.6	0.00495741	127.632
4000	2	0.2286	55.5	0.00313525	122.232
5000	0	0.0254	39.6	0.000428464	136.536
3150	0	0.3048	39.6	0.00310138	120.319
500	0	0.1524	31.7	0.00209405	121.617
2000	0	0.0508	39.6	0.000791822	132.918
800	0	0.0508	31.7	0.000812164	122.790
250	12.7	0.0254	39.6	0.0130253	121.547
200	12.6	0.1524	39.6	0.0584113	114.750
2000	15.4	0.0508	71.3	0.0264269	129.285
2500	3.3	0.1016	71.3	0.00202822	133.894
2500	9.9	0.1524	55.5	0.0208438	118.365
8000	4	0.2286	55.5	0.0042862	112.524
6300	0	0.1524	55.5	0.00172668	123.303
3150	9.9	0.1524	39.6	0.0233328	113.525
6300	0	0.1524	39.6	0.00193287	121.313
1600	22.2	0.0254	39.6	0.0229028	122.216
500	0	0.3048	39.6	0.00310138	126.959
2000	5.3	0.2286	71.3	0.0051942	125.890
2000	7.3	0.2286	71.3	0.0104404	122.708
1000	4.8	0.0254	39.6	0.000907475	122.956
500	7.3	0.2286	55.5	0.0111706	133.174
1250	4	0.3048	39.6	0.00579636	126.343
2500	0	0.1524	31.7	0.00209405	125.867
10000	0	0.1524	39.6	0.00193287	115.413
4000	7.3	0.2286	39.6	0.0123481	114.079
2500	3.3	0.1016	39.6	0.00245138	130.791
250	0	0.3048	39.6	0.00310138	119.319
10000	0	0.0508	31.7	0.000812164	122.450
2000	7.3	0.2286	31.7	0.0132672	115.309
1600	8.4	0.0508	39.6	0.00566229	130.965
1000	19.7	0.0508	71.3	0.0341183	121.885
2000	0	0.2286	39.6	0.00253511	125.305
5000	0	0.0508	39.6	0.000791822	134.308
1600	3	0.3048	31.7	0.00529514	122.088
4000	2	0.2286	31.7	0.00372371	120.527
1600	4	0.3048	39.6	0.00579636	123.213
2500	12.7	0.0254	39.6	0.0130253	129.027
400	8.9	0.1016	71.3	0.0103088	138.123
2500	0	0.1016	31.7	0.00150092	132.003
1000	2	0.2286	39.6	0.00346574	129.147
8000	3	0.3048	55.5	0.00452492	113.799
3150	3.3	0.1016	31.7	0.00251435	128.252
1600	8.4	0.0508	71.3	0.00529514	133.846
315	4	0.2286	31.7	0.00509068	123.609
1000	2.7	0.1524	39.6	0.00294804	130.589
1250	0	0.0508	31.7	0.000812164	129.270
315	4	0.2286	39.6	0.00473801	122.229
10000	0	0.0508	71.3	0.000740478	128.740
500	7.2	0.1524	39.6	0.00909175	132.658
3150	9.5	0.0254	39.6	0.00449821	129.934
500	3	0.3048	71.3	0.00425727	128.454
1250	5.4	0.1524	55.5	0.00433288	130.777
8000	4	0.2286	71.3	0.00400603	112.848
10000	0	0.0254	31.7	0.000439472	134.227
250	19.7	0.0508	71.3	0.0341183	119.115
1600	12.3	0.1016	39.6	0.0408268	117.875
800	2.7	0.1524	39.6	0.00294804	128.829
315	22.2	0.0254	39.6	0.0229028	120.716
800	19.7	0.0508	39.6	0.036484	119.174
200	12.6	0.1524	71.3	0.0483159	128.354
800	0	0.1016	71.3	0.00121072	126.805
12500	0	0.0254	71.3	0.000400682	133.207
630	3.3	0.1016	31.7	0.00251435	128.952
1000	6.7	0.1016	31.7	0.00592927	131.636
2000	0	0.3048	55.5	0.00283081	126.616
6300	12.3	0.1016	39.6	0.0408268	107.985
5000	12.7	0.0254	71.3	0.0121808	128.978
2000	17.4	0.0254	55.5	0.0165706	125.261
3150	0	0.3048	31.7	0.00331266	119.135
630	19.7	0.0508	71.3	0.0341183	128.365
1600	15.6	0.1016	39.6	0.0528487	114.554
1000	0	0.1016	31.7	0.00150092	131.313
200	7.3	0.2286	55.5	0.0111706	135.234
12500	0	0.3048	55.5	0.00283081	111.076
3150	15.4	0.0508	55.5	0.0271925	123.460
3150	4	0.3048	71.3	0.00497773	121.775
6300	2	0.2286	39.6	0.00346574	116.417
6300	4.2	0.0508	71.3	0.00142788	129.308
2000	3.3	0.1016	71.3	0.00202822	134.034
8000	0	0.2286	71.3	0.00214345	118.024
1250	8.4	0.0508	55.5	0.00544854	132.252
250	15.4	0.0508	71.3	0.0264269	124.835
8000	3	0.3048	39.6	0.00495741	110.652
2500	4	0.3048	71.3	0.00497773	123.775
4000	5.4	0.1524	55.5	0.00433288	119.737
500	4.8	0.0254	31.7	0.000930789	116.128
10000	0	0.0508	55.5	0.00076193	127.636
800	15.4	0.0508	39.6	0.0282593	128.423
1000	2	0.2286	71.3	0.00293031	128.956
1600	17.4	0.0254	31.7	0.0176631	126.846
1250	12.3	0.1016	55.5	0.0368233	124.214
5000	9.5	0.0254	39.6	0.00449821	125.044
800	3.3	0.1016	31.7	0.00251435	131.362
4000	19.7	0.0508	71.3	0.0341183	113.045
5000	4.8	0.0254	39.6	0.000907475	135.426
1600	6.7	0.1016	55.5	0.0052139	133.653
20000	0	0.0254	55.5	0.00041229	121.933
1250	0	0.0508	55.5	0.00076193	127.076
2500	2	0.2286	39.6	0.00346574	121.397
500	12.3	0.1016	71.3	0.0337792	140.158
2000	4	0.3048	39.6	0.00579636	120.963
2000	9.5	0.0254	71.3	0.00420654	134.976
500	0	0.1524	39.6	0.00193287	119.513
6300	3	0.3048	39.6	0.00495741	114.042
4000	4.8	0.0254	55.5	0.000873218	133.924
1250	8.9	0.1016	71.3	0.0103088	132.793
250	9.9	0.1524	71.3	0.0193001	135.329
630	12.3	0.1016	71.3	0.0337792	135.368
6300	2	0.2286	71.3	0.00293031	120.786
200	8.9	0.1016	71.3	0.0103088	133.503
315	17.4	0.0254	55.5	0.0165706	111.911
1250	8.4	0.0508	39.6	0.00566229	131.205
1600	4	0.3048	71.3	0.00497773	126.645
200	17.4	0.0254	71.3	0.016104	112.506
500	5.4	0.1524	31.7	0.00525474	129.681
630	2.7	0.1524	71.3	0.00243851	127.404
1250	12.6	0.1524	39.6	0.0584113	112.160
800	17.4	0.0254	71.3	0.016104	124.276
1250	2.7	0.1524	71.3	0.00243851	130.144
400	4	0.2286	55.5	0.0042862	123.274
1600	15.4	0.0508	71.3	0.0264269	130.065
630	17.4	0.0254	55.5	0.0165706	122.411
2500	0	0.1524	55.5	0.00172668	127.763
1250	12.7	0.0254	39.6	0.0130253	130.777
3150	12.7	0.0254	71.3	0.0121808	133.758
630	0	0.1016	71.3	0.00121072	124.155
1250	9.5	0.0254	55.5	0.0043284	132.202
3150	4.8	0.0254	71.3	0.000848633	133.378
315	7.3	0.2286	31.7	0.0132672	130.239
1600	3	0.3048	39.6	0.00495741	122.782
315	9.9	0.1524	71.3	0.0193001	135.459
1000	6.7	0.1016	55.5	0.0052139	137.233
1000	9.9	0.1524	39.6	0.0233328	123.835
4000	5.4	0.1524	31.7	0.00525474	116.181
200	12.3	0.1016	55.5	0.0368233	132.304
1600	15.6	0.1016	71.3	0.0437259	121.528
250	12.3	0.1016	71.3	0.0337792	131.568
800	7.3	0.2286	55.5	0.0111706	128.444
800	0	0.1016	39.6	0.00146332	128.401
6300	15.4	0.0508	31.7	0.0289853	108.185
3150	17.4	0.0254	55.5	0.0165706	124.101
4000	8.4	0.0508	55.5	0.00544854	122.612
500	7.3	0.2286	39.6	0.0123481	130.299
1600	3	0.3048	55.5	0.00452492	124.439
1600	17.4	0.0254	39.6	0.0172206	127.614
8000	7.2	0.1524	39.6	0.00909175	111.588
6300	5.4	0.1524	31.7	0.00525474	115.591
2000	0	0.1524	55.5	0.00172668	129.673
250	12.3	0.1016	55.5	0.0368233	133.294
5000	0	0.2286	71.3	0.00214345	124.304
1000	1.5	0.3048	39.6	0.00392107	127.581
1600	12.3	0.1016	55.5	0.0368233	121.824
630	12.6	0.1524	39.6	0.0584113	116.550
250	7.3	0.2286	55.5	0.0111706	136.384
315	12.3	0.1016	31.7	0.0418756	124.717
5000	4.2	0.0508	71.3	0.00142788	132.828
630	9.9	0.1524	39.6	0.0233328	126.465
400	15.4	0.0508	71.3	0.0264269	126.805
10000	2	0.2286	71.3	0.00293031	113.086
5000	9.5	0.0254	71.3	0.00420654	131.186
12500	0	0.1016	71.3	0.00121072	119.375
1600	0	0.1016	71.3	0.00121072	131.725
8000	0	0.0254	31.7	0.000439472	137.207
500	7.3	0.2286	31.7	0.0132672	128.169
2500	2	0.2286	71.3	0.00293031	127.006
200	0	0.3048	39.6	0.00310138	118.129
630	0	0.1524	39.6	0.00193287	124.403
250	9.5	0.0254	31.7	0.00461377	120.136
800	0	0.2286	31.7	0.0027238	130.725
8000	0	0.1016	55.5	0.00131983	124.450
3150	0	0.2286	71.3	0.00214345	127.834
500	0	0.2286	39.6	0.00253511	126.195
630	4	0.2286	71.3	0.00400603	129.038
2500	0	0.3048	71.3	0.00266337	125.571
1250	9.9	0.1524	39.6	0.0233328	120.555
800	3	0.3048	39.6	0.00495741	129.552
3150	3	0.3048	31.7	0.00529514	118.108
630	15.4	0.0508	39.6	0.0282593	127.443
2000	12.6	0.1524	71.3	0.0483159	117.504
315	19.7	0.0508	71.3	0.0341183	121.235
315	5.4	0.1524	31.7	0.00525474	125.741
5000	15.4	0.0508	71.3	0.0264269	119.135
500	0	0.2286	31.7	0.0027238	126.675
200	9.5	0.0254	39.6	0.00449821	116.074
2000	0	0.0254	39.6	0.000428464	130.026
1600	8.9	0.1016	39.6	0.0124596	123.820
630	17.4	0.0254	39.6	0.0172206	124.514
315	7.3	0.2286	55.5	0.0111706	136.284
630	2	0.2286	31.7	0.00372371	129.057
315	9.5	0.0254	31.7	0.00461377	122.766
5000	5.3	0.2286	71.3	0.0051942	118.050
2000	8.4	0.0508	31.7	0.00580776	127.686
4000	9.5	0.0254	31.7	0.00461377	126.736
1600	9.5	0.0254	31.7	0.00461377	131.036
1600	0	0.0254	31.7	0.000439472	129.267
1000	4.8	0.0254	31.7	0.000930789	125.348
500	2	0.2286	55.5	0.00313525	124.692
630	0	0.2286	55.5	0.00229336	126.160
315	2	0.2286	31.7	0.00372371	120.147
630	11.2	0.0508	71.3	0.014072	133.611
2500	15.4	0.0508	39.6	0.0282593	122.413
6300	15.6	0.1016	39.6	0.0528487	104.204
5000	0	0.1524	39.6	0.00193287	123.453
2000	6.7	0.1016	39.6	0.00578076	122.235
500	8.9	0.1016	71.3	0.0103088	138.523
400	9.9	0.1524	55.5	0.0208438	131.605
8000	7.2	0.1524	71.3	0.00752039	113.333
1000	4	0.3048	71.3	0.00497773	131.015
10000	4.8	0.0254	39.6	0.000907475	126.066
10000	12.7	0.0254	39.6	0.0130253	116.017
1000	3.3	0.1016	39.6	0.00245138	131.971
800	3.3	0.1016	55.5	0.002211	129.119
6300	9.9	0.1524	31.7	0.0252785	108.689
400	15.6	0.1016	71.3	0.0437259	134.058
2500	0	0.0254	55.5	0.00041229	130.073
800	12.3	0.1016	71.3	0.0337792	127.318
1600	12.6	0.1524	39.6	0.0584113	110.780
8000	0	0.0254	71.3	0.000400682	129.867
400	8.4	0.0508	31.7	0.00580776	120.076
1000	0	0.1524	31.7	0.00209405	130.987
2500	6.7	0.1016	71.3	0.00478288	131.458
3150	11.2	0.0508	39.6	0.0150478	119.670
200	9.5	0.0254	31.7	0.00461377	119.146
200	9.9	0.1524	71.3	0.0193001	134.319
3150	8.4	0.0508	71.3	0.00529514	131.966
6300	2	0.2286	31.7	0.00372371	115.137
20000	4.8	0.0254	55.5	0.000873218	121.284
2000	0	0.2286	71.3	0.00214345	128.244
1600	12.6	0.1524	71.3	0.0483159	120.534
2000	4	0.2286	55.5	0.0042862	124.254
4000	3.3	0.1016	71.3	0.00202822	128.704
6300	9.5	0.0254	39.6	0.00449821	120.324
1000	7.3	0.2286	55.5	0.0111706	125.194
630	0	0.2286	39.6	0.00253511	128.705
2000	2	0.2286	31.7	0.00372371	123.037
500	22.2	0.0254	39.6	0.0229028	129.776
16000	4.8	0.0254	55.5	0.000873218	124.394
3150	2	0.2286	31.7	0.00372371	121.527
250	15.4	0.0508	55.5	0.0271925	124.170
4000	0	0.3048	71.3	0.00266337	123.061
1000	4	0.2286	71.3	0.00400603	131.708
1600	19.7	0.0508	71.3	0.0341183	120.575
1250	19.7	0.0508	71.3	0.0341183	121.485
800	5.4	0.1524	55.5	0.00433288	133.097
800	11.2	0.0508	39.6	0.0150478	133.790
6300	0	0.1016	31.7	0.00150092	124.253
4000	0	0.0508	31.7	0.000812164	134.110
5000	0	0.1524	55.5	0.00172668	125.203
4000	22.2	0.0254	39.6	0.0229028	119.646
630	7.3	0.2286	31.7	0.0132672	126.189
2000	12.3	0.1016	71.3	0.0337792	122.218
1600	7.3	0.2286	71.3	0.0104404	125.728
630	0	0.1524	31.7	0.00209405	125.997
5000	4	0.3048	71.3	0.00497773	117.785
1250	2	0.2286	39.6	0.00346574	128.257
4000	7.2	0.1524	39.6	0.00909175	114.258
630	7.3	0.2286	71.3	0.0104404	133.768
5000	0	0.1016	31.7	0.00150092	124.393
500	8.4	0.0508	55.5	0.00544854	123.742
1250	0	0.2286	55.5	0.00229336	127.910
3150	12.3	0.1016	55.5	0.0368233	116.914
16000	0	0.0254	31.7	0.000439472	125.627
8000	3.3	0.1016	31.7	0.00251435	117.432
2000	7.3	0.2286	55.5	0.0111706	120.354
6300	4.8	0.0254	55.5	0.000873218	135.164
500	4	0.2286	55.5	0.0042862	127.314
1000	8.9	0.1016	71.3	0.0103088	135.433
250	9.9	0.1524	31.7	0.0252785	128.559
6300	4.8	0.0254	39.6	0.000907475	134.336
315	17.4	0.0254	31.7	0.0176631	118.416
1600	3.3	0.1016	39.6	0.00245138	133.071
1250	0	0.0254	31.7	0.000439472	127.947
630	7.3	0.2286	55.5	0.0111706	130.934
200	12.3	0.1016	31.7	0.0418756	124.987
8000	2.7	0.1524	39.6	0.00294804	116.659
4000	0	0.1016	31.7	0.00150092	126.933
6300	12.6	0.1524	71.3	0.0483159	107.284
400	19.7	0.0508	71.3	0.0341183	123.865
315	7.2	0.1524	71.3	0.00752039	128.713
6300	3.3	0.1016	31.7	0.00251435	120.702
4000	0	0.1524	55.5	0.00172668	127.233
4000	9.9	0.1524	39.6	0.0233328	112.265
6300	0	0.3048	71.3	0.00266337	119.541
3150	2	0.2286	71.3	0.00293031	126.116
200	11.2	0.0508	39.6	0.0150478	125.010
2000	0	0.1524	71.3	0.0015988	128.647
5000	0	0.0254	31.7	0.000439472	138.607
630	8.4	0.0508	39.6	0.00566229	126.045
1600	9.9	0.1524	55.5	0.0208438	119.875
2500	0	0.0508	39.6	0.000791822	134.938
250	4	0.2286	31.7	0.00509068	120.189
800	8.4	0.0508	39.6	0.00566229	128.435
400	2	0.2286	55.5	0.00313525	122.292
2500	2.7	0.1524	39.6	0.00294804	125.589
5000	0	0.0254	55.5	0.00041229	135.803
5000	0	0.2286	31.7	0.0027238	120.505
800	12.6	0.1524	71.3	0.0483159	123.054
315	8.9	0.1016	39.6	0.0124596	135.380
2000	22.2	0.0254	71.3	0.0214178	127.197
6300	2.7	0.1524	71.3	0.00243851	121.944
1000	0	0.0508	39.6	0.000791822	127.638
400	7.3	0.2286	71.3	0.0104404	139.438
12500	0	0.1524	55.5	0.00172668	117.093
400	5.4	0.1524	31.7	0.00525474	127.781
8000	0	0.1524	71.3	0.0015988	122.527
315	8.9	0.1016	71.3	0.0103088	136.583
5000	4.2	0.0508	39.6	0.00152689	129.777
6300	4.8	0.0254	71.3	0.000848633	134.498
250	7.3	0.2286	71.3	0.0104404	139.918
1000	7.3	0.2286	39.6	0.0123481	122.539
6300	0	0.2286	55.5	0.00229336	118.410
1000	5.3	0.2286	39.6	0.00614329	125.581
2000	3	0.3048	55.5	0.00452492	123.069
1250	5.4	0.1524	39.6	0.00485029	127.117
1600	0	0.2286	55.5	0.00229336	126.790
1000	8.4	0.0508	39.6	0.00566229	130.195
12500	0	0.0508	31.7	0.000812164	119.070
630	3	0.3048	31.7	0.00529514	128.698
5000	2.7	0.1524	71.3	0.00243851	124.364
630	6.7	0.1016	31.7	0.00592927	132.116
3150	5.4	0.1524	55.5	0.00433288	121.587
12500	4	0.3048	71.3	0.00497773	107.405
1600	3	0.3048	71.3	0.00425727	126.514
10000	0	0.3048	31.7	0.00331266	108.265
2000	8.9	0.1016	39.6	0.0124596	119.040
1250	4.8	0.0254	31.7	0.000930789	127.408
2500	0	0.0254	71.3	0.000400682	133.707
800	9.5	0.0254	31.7	0.00461377	130.746
4000	11.2	0.0508	39.6	0.0150478	115.520
400	15.4	0.0508	55.5	0.0271925	126.500
500	11.2	0.0508	71.3	0.014072	130.311
400	12.3	0.1016	71.3	0.0337792	139.428
6300	3.3	0.1016	71.3	0.00202822	124.904
400	12.3	0.1016	39.6	0.0408268	128.265
1600	7.3	0.2286	31.7	0.0132672	119.039
1250	5.4	0.1524	31.7	0.00525474	123.991
315	15.4	0.0508	55.5	0.0271925	125.390
4000	5.3	0.2286	39.6	0.00614329	115.801
2500	22.2	0.0254	71.3	0.0214178	126.097
2000	17.4	0.0254	31.7	0.0176631	124.356
315	22.2	0.0254	71.3	0.0214178	115.857
400	8.4	0.0508	39.6	0.00566229	120.015
8000	17.4	0.0254	71.3	0.016104	115.466
630	1.5	0.3048	39.6	0.00392107	128.311
6300	17.4	0.0254	55.5	0.0165706	114.861
2500	12.3	0.1016	31.7	0.0418756	110.317
1250	7.2	0.1524	39.6	0.00909175	122.428
3150	0	0.1016	39.6	0.00146332	130.961
500	9.5	0.0254	31.7	0.00461377	126.886
250	15.4	0.0508	39.6	0.0282593	122.893
12500	0	0.1524	71.3	0.0015988	117.087
16000	4	0.2286	71.3	0.00400603	112.768
1250	22.2	0.0254	71.3	0.0214178	140.987
400	1.5	0.3048	39.6	0.00392107	124.001
2500	15.4	0.0508	31.7	0.0289853	119.945
3150	8.4	0.0508	55.5	0.00544854	128.402
800	2	0.2286	55.5	0.00313525	128.492
2000	12.7	0.0254	71.3	0.0121808	134.228
630	2	0.2286	71.3	0.00293031	127.356
3150	0	0.2286	55.5	0.00229336	125.160
12500	0	0.3048	39.6	0.00310138	109.619
10000	0	0.0508	39.6	0.000791822	125.998
3150	2	0.2286	55.5	0.00313525	123.742
4000	11.2	0.0508	71.3	0.014072	122.471
800	22.2	0.0254	39.6	0.0229028	137.076
1600	9.9	0.1524	39.6	0.0233328	118.545
10000	0	0.3048	71.3	0.00266337	115.391
8000	12.7	0.0254	39.6	0.0130253	120.607
400	15.4	0.0508	31.7	0.0289853	123.705
5000	0	0.0508	71.3	0.000740478	134.430
5000	8.9	0.1016	71.3	0.0103088	116.723
10000	0	0.1016	71.3	0.00121072	123.305
1250	6.7	0.1016	71.3	0.00478288	137.658
400	22.2	0.0254	71.3	0.0214178	117.927
10000	7.2	0.1524	39.6	0.00909175	110.868
6300	4	0.3048	71.3	0.00497773	116.165
2000	9.9	0.1524	39.6	0.0233328	117.925
2500	3	0.3048	31.7	0.00529514	119.598
630	0	0.1524	55.5	0.00172668	123.583
5000	0	0.3048	71.3	0.00266337	121.301
2000	11.2	0.0508	39.6	0.0150478	124.420
5000	17.4	0.0254	71.3	0.016104	123.126
5000	12.3	0.1016	71.3	0.0337792	116.108
315	12.3	0.1016	71.3	0.0337792	137.068
1600	1.5	0.3048	71.3	0.00336729	126.632
400	15.4	0.0508	39.6	0.0282593	125.353
1600	2	0.2286	55.5	0.00313525	126.752
500	3	0.3048	31.7	0.00529514	127.548
5000	15.4	0.0508	39.6	0.0282593	114.453
800	8.9	0.1016	39.6	0.0124596	130.940
1600	4	0.2286	71.3	0.00400603	129.468
500	8.4	0.0508	39.6	0.00566229	122.905
2000	2	0.2286	55.5	0.00313525	124.612
5000	9.9	0.1524	39.6	0.0233328	111.135
10000	0	0.1524	71.3	0.0015988	120.247
4000	4	0.2286	39.6	0.00473801	119.159
6300	12.7	0.0254	39.6	0.0130253	123.177
250	9.5	0.0254	39.6	0.00449821	116.924
1000	0	0.0254	31.7	0.000439472	125.127
2500	15.6	0.1016	39.6	0.0528487	110.264
3150	15.4	0.0508	39.6	0.0282593	120.513
800	7.2	0.1524	39.6	0.00909175	132.358
1600	0	0.3048	39.6	0.00310138	124.049
500	0	0.3048	31.7	0.00331266	127.315
5000	0	0.1016	71.3	0.00121072	130.795
800	12.3	0.1016	39.6	0.0408268	122.315
6300	2	0.2286	55.5	0.00313525	118.712
250	4	0.3048	71.3	0.00497773	126.395
5000	7.3	0.2286	39.6	0.0123481	111.959
6300	4.2	0.0508	39.6	0.00152689	125.717
8000	0	0.3048	55.5	0.00283081	116.476
2000	0	0.1016	55.5	0.00131983	132.540
1600	4.2	0.0508	39.6	0.00152689	130.197
250	9.9	0.1524	55.5	0.0208438	133.235

400	12.7	0.0254	71.3	0.0121808	125.048
1000	8.9	0.1016	39.6	0.0124596	129.580
2000	3	0.3048	39.6	0.00495741	120.532
1600	9.5	0.0254	55.5	0.0043284	133.062
630	9.5	0.0254	39.6	0.00449821	126.514
250	12.6	0.1524	71.3	0.0483159	129.744
400	0	0.2286	39.6	0.00253511	123.565
2000	11.2	0.0508	71.3	0.014072	133.311
2500	9.5	0.0254	39.6	0.00449821	131.234
2000	8.4	0.0508	39.6	0.00566229	129.965
1250	2	0.2286	31.7	0.00372371	128.677
1600	9.5	0.0254	39.6	0.00449821	131.184
8000	2.7	0.1524	71.3	0.00243851	120.534
2000	4	0.2286	71.3	0.00400603	126.218
4000	9.9	0.1524	55.5	0.0208438	112.945
1600	4.8	0.0254	55.5	0.000873218	121.474
500	7.3	0.2286	71.3	0.0104404	136.798
5000	2	0.2286	31.7	0.00372371	118.267
5000	12.3	0.1016	39.6	0.0408268	108.625
6300	3	0.3048	31.7	0.00529514	109.718
1250	6.7	0.1016	39.6	0.00578076	132.395
6300	3	0.3048	55.5	0.00452492	115.679
800	1.5	0.3048	39.6	0.00392107	128.831
6300	5.3	0.2286	71.3	0.0051942	116.920
1600	4	0.2286	55.5	0.0042862	128.264
1000	11.2	0.0508	39.6	0.0150478	132.430
800	2	0.2286	71.3	0.00293031	128.216
630	15.4	0.0508	31.7	0.0289853	124.685
2500	4.2	0.0508	39.6	0.00152689	133.847
5000	8.4	0.0508	71.3	0.00529514	121.146
500	9.9	0.1524	31.7	0.0252785	127.179
3150	4.2	0.0508	71.3	0.00142788	133.728
1600	0	0.1016	39.6	0.00146332	133.261
5000	4	0.3048	39.6	0.00579636	113.733
800	6.7	0.1016	39.6	0.00578076	134.625
315	6.7	0.1016	31.7	0.00592927	126.266
6300	9.5	0.0254	31.7	0.00461377	120.726
3150	5.4	0.1524	39.6	0.00485029	119.137
3150	4.2	0.0508	39.6	0.00152689	133.587
3150	0	0.0254	71.3	0.000400682	137.007
630	2	0.2286	55.5	0.00313525	126.842
1250	0	0.1016	39.6	0.00146332	132.271
250	12.6	0.1524	39.6	0.0584113	115.890
5000	3.3	0.1016	55.5	0.002211	124.839
2500	12.6	0.1524	39.6	0.0584113	106.880
630	12.3	0.1016	39.6	0.0408268	121.315
4000	3	0.3048	71.3	0.00425727	120.264
2000	4.8	0.0254	71.3	0.000848633	128.398
1000	12.3	0.1016	31.7	0.0418756	119.777
1600	12.7	0.0254	39.6	0.0130253	129.977
1000	17.4	0.0254	31.7	0.0176631	131.796
3150	15.4	0.0508	31.7	0.0289853	118.045
1600	0	0.0508	31.7	0.000812164	131.010
8000	0	0.3048	39.6	0.00310138	114.779
1600	12.3	0.1016	31.7	0.0418756	114.477
800	0	0.0508	55.5	0.00076193	124.336
1600	0	0.1016	55.5	0.00131983	132.050
1000	9.9	0.1524	55.5	0.0208438	124.665
3150	8.4	0.0508	31.7	0.00580776	122.086
200	11.2	0.0508	71.3	0.014072	125.941
3150	4	0.2286	39.6	0.00473801	120.419
8000	0	0.0254	39.6	0.000428464	135.866
1600	9.9	0.1524	31.7	0.0252785	117.119
2500	4	0.3048	39.6	0.00579636	120.233
630	9.5	0.0254	71.3	0.00420654	125.726
1250	0	0.1524	39.6	0.00193287	131.023
5000	3.3	0.1016	31.7	0.00251435	122.082
2000	9.9	0.1524	71.3	0.0193001	120.779
1600	7.3	0.2286	39.6	0.0123481	121.059
400	4	0.3048	71.3	0.00497773	129.575
200	9.9	0.1524	39.6	0.0233328	127.315
800	15.6	0.1016	71.3	0.0437259	124.188
630	17.4	0.0254	71.3	0.016104	122.606
2500	15.4	0.0508	71.3	0.0264269	127.625
1250	0	0.1016	71.3	0.00121072	130.335
1600	22.2	0.0254	71.3	0.0214178	131.817
2500	8.4	0.0508	31.7	0.00580776	125.576
4000	9.9	0.1524	31.7	0.0252785	111.459
500	4	0.3048	71.3	0.00497773	130.715
6300	15.4	0.0508	55.5	0.0271925	112.930
800	17.4	0.0254	39.6	0.0172206	135.324
1600	9.9	0.1524	71.3	0.0193001	121.789
800	19.7	0.0508	71.3	0.0341183	124.555
1000	3.3	0.1016	55.5	0.002211	131.129
250	7.3	0.2286	31.7	0.0132672	130.089
1250	0	0.3048	39.6	0.00310138	125.499
200	17.4	0.0254	55.5	0.0165706	109.951
2000	12.3	0.1016	39.6	0.0408268	114.085
5000	2	0.2286	71.3	0.00293031	122.816
6300	7.3	0.2286	55.5	0.0111706	111.534
1600	2	0.2286	39.6	0.00346574	125.837
400	3	0.3048	31.7	0.00529514	125.398
4000	8.4	0.0508	71.3	0.00529514	126.926
2000	19.7	0.0508	71.3	0.0341183	120.055
2000	9.5	0.0254	31.7	0.00461377	130.496
500	12.7	0.0254	39.6	0.0130253	127.127
4000	4	0.2286	55.5	0.0042862	120.654
5000	4	0.2286	71.3	0.00400603	121.118
315	7.2	0.1524	39.6	0.00909175	130.558
2000	1.5	0.3048	71.3	0.00336729	126.642
8000	3	0.3048	71.3	0.00425727	114.634
4000	2.7	0.1524	71.3	0.00243851	126.534
1600	12.7	0.0254	71.3	0.0121808	134.528
4000	15.4	0.0508	39.6	0.0282593	118.113
5000	5.4	0.1524	31.7	0.00525474	115.691
5000	7.3	0.2286	71.3	0.0104404	115.298
2500	0	0.1524	71.3	0.0015988	128.127
4000	4.2	0.0508	39.6	0.00152689	131.807
5000	3.3	0.1016	71.3	0.00202822	127.054
2500	11.2	0.0508	71.3	0.014072	130.541
1000	1.5	0.3048	71.3	0.00336729	125.992
10000	0	0.0254	71.3	0.000400682	130.787
6300	7.2	0.1524	39.6	0.00909175	112.688
2500	3	0.3048	71.3	0.00425727	124.024
1600	4	0.2286	39.6	0.00473801	125.319
1250	17.4	0.0254	55.5	0.0165706	129.301
630	3	0.3048	55.5	0.00452492	129.569
800	9.5	0.0254	71.3	0.00420654	127.206
1600	0	0.1016	31.7	0.00150092	133.553
1250	8.4	0.0508	31.7	0.00580776	130.156
500	9.9	0.1524	71.3	0.0193001	131.279
500	12.7	0.0254	71.3	0.0121808	126.898
800	5.4	0.1524	31.7	0.00525474	131.491
315	7.3	0.2286	71.3	0.0104404	139.808
3150	5.4	0.1524	31.7	0.00525474	118.291
2000	4.8	0.0254	55.5	0.000873218	125.054
1000	5.4	0.1524	71.3	0.00401199	133.201
315	2	0.2286	39.6	0.00346574	120.137
4000	7.3	0.2286	31.7	0.0132672	112.639
800	0	0.1524	71.3	0.0015988	125.817
315	17.4	0.0254	39.6	0.0172206	115.144
6300	0	0.0254	39.6	0.000428464	136.826
2500	0	0.2286	39.6	0.00253511	125.025
4000	9.5	0.0254	39.6	0.00449821	127.864
2000	0	0.2286	55.5	0.00229336	126.540
6300	0	0.2286	39.6	0.00253511	117.465
315	0	0.2286	31.7	0.0027238	120.595
8000	4	0.2286	39.6	0.00473801	113.129
2500	4.8	0.0254	39.6	0.000907475	131.236
1250	9.9	0.1524	31.7	0.0252785	118.619
400	0	0.2286	31.7	0.0027238	123.635
800	8.4	0.0508	31.7	0.00580776	128.246
4000	0	0.3048	39.6	0.00310138	119.229
6300	0	0.0254	31.7	0.000439472	138.537
4000	19.7	0.0508	39.6	0.036484	108.684
3150	15.4	0.0508	71.3	0.0264269	125.715
630	0	0.1016	31.7	0.00150092	126.413
1250	4.8	0.0254	39.6	0.000907475	125.026
4000	0	0.0254	31.7	0.000439472	137.047
12500	4.8	0.0254	55.5	0.000873218	125.094
4000	0	0.1524	71.3	0.0015988	128.857
1250	4	0.2286	39.6	0.00473801	128.339
4000	1.5	0.3048	71.3	0.00336729	121.762
800	0	0.1524	55.5	0.00172668	126.713
2000	12.7	0.0254	39.6	0.0130253	129.567
5000	9.9	0.1524	71.3	0.0193001	114.569
5000	5.4	0.1524	55.5	0.00433288	118.757
3150	0	0.0254	39.6	0.000428464	133.276
5000	9.5	0.0254	31.7	0.00461377	124.426
4000	12.3	0.1016	71.3	0.0337792	118.018
3150	22.2	0.0254	71.3	0.0214178	124.127
630	9.5	0.0254	31.7	0.00461377	129.006
2500	4	0.2286	71.3	0.00400603	124.338
20000	0	0.0254	71.3	0.000400682	123.217
8000	1.5	0.3048	71.3	0.00336729	115.372
400	15.6	0.1016	39.6	0.0528487	120.484
4000	15.4	0.0508	55.5	0.0271925	120.920
8000	3.3	0.1016	71.3	0.00202822	121.234
3150	0	0.0508	71.3	0.000740478	135.070
2500	9.9	0.1524	39.6	0.0233328	116.295
250	11.2	0.0508	39.6	0.0150478	126.430
400	17.4	0.0254	55.5	0.0165706	115.461
8000	0	0.1524	39.6	0.00193287	120.553
1600	0	0.2286	39.6	0.00253511	127.095
8000	0	0.0508	71.3	0.000740478	130.890
2500	0	0.2286	71.3	0.00214345	128.354
800	0	0.3048	55.5	0.00283081	128.086
2500	9.5	0.0254	71.3	0.00420654	135.956
5000	2	0.2286	55.5	0.00313525	120.472
1250	0	0.3048	71.3	0.00266337	125.951
1600	6.7	0.1016	71.3	0.00478288	136.678
2500	12.3	0.1016	55.5	0.0368233	117.054
4000	8.9	0.1016	39.6	0.0124596	116.220
5000	0	0.0508	31.7	0.000812164	133.230
8000	0	0.1016	31.7	0.00150092	120.193
2500	7.3	0.2286	55.5	0.0111706	118.994
2000	6.7	0.1016	31.7	0.00592927	120.446
500	4	0.2286	31.7	0.00509068	128.939
1000	17.4	0.0254	55.5	0.0165706	126.001
3150	7.2	0.1524	39.6	0.00909175	111.818
4000	2	0.2286	39.6	0.00346574	120.227
2000	2.7	0.1524	39.6	0.00294804	128.139
2500	3.3	0.1016	55.5	0.002211	132.889
1600	3.3	0.1016	31.7	0.00251435	133.402
1250	0	0.0508	71.3	0.000740478	128.560
6300	0	0.0508	55.5	0.00076193	132.796
500	7.2	0.1524	71.3	0.00752039	132.043
3150	2	0.2286	39.6	0.00346574	121.627
500	2	0.2286	71.3	0.00293031	126.486
630	9.9	0.1524	71.3	0.0193001	129.889
4000	2.7	0.1524	39.6	0.00294804	121.889
3150	12.3	0.1016	71.3	0.0337792	120.798
8000	5.4	0.1524	55.5	0.00433288	114.927
1600	7.2	0.1524	39.6	0.00909175	120.058
12500	0	0.0254	39.6	0.000428464	129.116
1600	4.2	0.0508	71.3	0.00142788	124.318
4000	3.3	0.1016	31.7	0.00251435	124.852
2500	8.4	0.0508	55.5	0.00544854	131.542
400	12.6	0.1524	71.3	0.0483159	127.094
2000	15.6	0.1016	39.6	0.0528487	110.894
3150	0	0.3048	55.5	0.00283081	123.236
3150	3.3	0.1016	71.3	0.00202822	132.114
4000	12.7	0.0254	39.6	0.0130253	126.537
8000	5.3	0.2286	71.3	0.0051942	114.900
2500	4.8	0.0254	71.3	0.000848633	130.828
1250	22.2	0.0254	39.6	0.0229028	126.446
2500	4.8	0.0254	31.7	0.000930789	132.588
2000	0	0.0508	71.3	0.000740478	131.060
1250	4	0.3048	71.3	0.00497773	129.395
1600	15.4	0.0508	31.7	0.0289853	121.485
800	15.4	0.0508	31.7	0.0289853	125.555
630	4	0.3048	39.6	0.00579636	131.073
315	3	0.3048	39.6	0.00495741	123.312
800	2.7	0.1524	71.3	0.00243851	127.394
12500	4	0.2286	71.3	0.00400603	114.258
1000	12.3	0.1016	71.3	0.0337792	127.928
3150	4	0.2286	71.3	0.00400603	124.108
1000	0	0.1524	55.5	0.00172668	128.583
800	9.9	0.1524	71.3	0.0193001	128.879
500	9.9	0.1524	55.5	0.0208438	127.815
4000	17.4	0.0254	71.3	0.016104	125.586
1600	8.4	0.0508	31.7	0.00580776	129.296
500	4	0.3048	39.6	0.00579636	130.173
1000	5.4	0.1524	39.6	0.00485029	130.507
250	12.3	0.1016	31.7	0.0418756	125.857
800	4.8	0.0254	39.6	0.000907475	120.766
630	8.9	0.1016	71.3	0.0103088	138.423
2500	0	0.1524	39.6	0.00193287	126.863
1600	5.3	0.2286	71.3	0.0051942	130.460
200	15.6	0.1016	71.3	0.0437259	130.898
2500	0	0.1016	71.3	0.00121072	132.595
3150	12.3	0.1016	31.7	0.0418756	110.307
315	3	0.3048	31.7	0.00529514	123.118
1000	2.7	0.1524	71.3	0.00243851	128.774
8000	4.2	0.0508	39.6	0.00152689	120.397
630	22.2	0.0254	39.6	0.0229028	137.026
200	15.4	0.0508	39.6	0.0282593	121.783
2000	9.5	0.0254	55.5	0.0043284	134.052
1600	1.5	0.3048	39.6	0.00392107	122.211
4000	12.6	0.1524	39.6	0.0584113	104.500
3150	11.2	0.0508	71.3	0.014072	127.141
800	0	0.1524	31.7	0.00209405	129.117
500	6.7	0.1016	31.7	0.00592927	130.206
12500	0	0.3048	71.3	0.00266337	112.241
12500	2.7	0.1524	71.3	0.00243851	113.034
1000	4	0.3048	39.6	0.00579636	128.723
2500	0	0.0254	31.7	0.000439472	132.897
6300	0	0.1524	31.7	0.00209405	119.737
1600	6.7	0.1016	31.7	0.00592927	124.346
4000	7.3	0.2286	55.5	0.0111706	117.284
1000	17.4	0.0254	39.6	0.0172206	138.274
2000	3.3	0.1016	31.7	0.00251435	131.642
5000	8.4	0.0508	55.5	0.00544854	115.812
10000	12.7	0.0254	71.3	0.0121808	114.418
800	4	0.2286	55.5	0.0042862	131.864
1000	0	0.1524	39.6	0.00193287	130.033
400	2	0.2286	31.7	0.00372371	123.417
1600	12.3	0.1016	71.3	0.0337792	124.748
1600	4.8	0.0254	31.7	0.000930789	128.718
500	12.6	0.1524	71.3	0.0483159	121.664
1000	17.4	0.0254	71.3	0.016104	125.816
250	12.7	0.0254	71.3	0.0121808	119.698
2500	5.4	0.1524	39.6	0.00485029	120.497
400	7.3	0.2286	55.5	0.0111706	135.924
800	5.3	0.2286	71.3	0.0051942	133.480
6300	3.3	0.1016	39.6	0.00245138	120.851
6300	17.4	0.0254	71.3	0.016104	119.916
10000	3.3	0.1016	71.3	0.00202822	116.694
4000	0	0.1524	31.7	0.00209405	123.807
6300	7.2	0.1524	71.3	0.00752039	116.603
1250	12.3	0.1016	39.6	0.0408268	121.165
200	12.3	0.1016	71.3	0.0337792	130.588
3150	4	0.2286	55.5	0.0042862	122.394
1250	0	0.0508	39.6	0.000791822	129.148
1000	4	0.2286	39.6	0.00473801	129.969
6300	12.3	0.1016	55.5	0.0368233	110.124
315	12.3	0.1016	39.6	0.0408268	129.415
2000	0	0.0254	31.7	0.000439472	130.697
250	17.4	0.0254	31.7	0.0176631	116.956
6300	22.2	0.0254	71.3	0.0214178	123.127
4000	0	0.1016	71.3	0.00121072	130.935
630	7.2	0.1524	39.6	0.00909175	133.198
8000	0	0.1016	39.6	0.00146332	122.341
400	12.7	0.0254	39.6	0.0130253	125.527
12500	1.5	0.3048	71.3	0.00336729	109.222
2500	9.5	0.0254	31.7	0.00461377	130.086
2000	3.3	0.1016	55.5	0.002211	133.649
3150	8.9	0.1016	71.3	0.0103088	123.263
10000	3.3	0.1016	39.6	0.00245138	115.321
3150	0	0.2286	31.7	0.0027238	123.445
315	5.3	0.2286	39.6	0.00614329	129.691
250	22.2	0.0254	39.6	0.0229028	117.386
2500	0	0.3048	31.7	0.00331266	120.755
1000	0	0.3048	55.5	0.00283081	126.966
500	2	0.2286	39.6	0.00346574	125.157
400	7.3	0.2286	31.7	0.0132672	130.269
500	5.3	0.2286	71.3	0.0051942	129.880
500	2	0.2286	31.7	0.00372371	126.677
200	17.4	0.0254	39.6	0.0172206	114.044
400	7.2	0.1524	71.3	0.00752039	130.123
8000	0	0.3048	31.7	0.00331266	110.515
2000	22.2	0.0254	39.6	0.0229028	121.256
315	4	0.3048	39.6	0.00579636	126.843
500	5.3	0.2286	39.6	0.00614329	132.251
800	17.4	0.0254	31.7	0.0176631	139.226
800	0	0.2286	39.6	0.00253511	130.205
800	7.3	0.2286	31.7	0.0132672	123.209
3150	22.2	0.0254	39.6	0.0229028	120.856
2500	9.9	0.1524	71.3	0.0193001	119.639
400	0	0.3048	31.7	0.00331266	125.045
1600	15.4	0.0508	39.6	0.0282593	124.843
10000	3.3	0.1016	55.5	0.002211	115.659
400	7.2	0.1524	39.6	0.00909175	132.118
4000	8.4	0.0508	39.6	0.00566229	118.955
2000	9.9	0.1524	31.7	0.0252785	116.859
2000	15.4	0.0508	31.7	0.0289853	120.835
1000	12.6	0.1524	71.3	0.0483159	122.044
12500	0	0.0508	39.6	0.000791822	123.988
1600	8.4	0.0508	55.5	0.00544854	133.032
2500	17.4	0.0254	71.3	0.016104	126.746
1250	9.9	0.1524	71.3	0.0193001	122.679
5000	3.3	0.1016	39.6	0.00245138	122.371
2000	15.4	0.0508	55.5	0.0271925	127.040
1000	15.4	0.0508	39.6	0.0282593	127.893
630	7.2	0.1524	71.3	0.00752039	134.853
400	0	0.3048	39.6	0.00310138	124.809
2000	4	0.3048	71.3	0.00497773	124.395
4000	0	0.3048	31.7	0.00331266	118.145
6300	0	0.0508	39.6	0.000791822	131.918
4000	7.2	0.1524	71.3	0.00752039	119.343
12500	0	0.1016	55.5	0.00131983	119.910
2000	0	0.0254	55.5	0.00041229	127.623
5000	0	0.2286	55.5	0.00229336	122.410
5000	4.8	0.0254	31.7	0.000930789	135.248
400	9.5	0.0254	55.5	0.0043284	120.952
1000	12.7	0.0254	39.6	0.0130253	130.947
800	0	0.3048	39.6	0.00310138	129.099
400	19.7	0.0508	39.6	0.036484	130.614
1250	4	0.2286	55.5	0.0042862	131.264
1250	15.4	0.0508	39.6	0.0282593	126.743
3150	5.4	0.1524	71.3	0.00401199	123.311
6300	0	0.1016	55.5	0.00131983	127.730
2500	12.3	0.1016	71.3	0.0337792	121.318
1000	9.5	0.0254	39.6	0.00449821	130.374
3150	4.8	0.0254	55.5	0.000873218	132.354
800	3	0.3048	31.7	0.00529514	128.708
4000	0	0.1016	55.5	0.00131983	129.500
800	5.3	0.2286	39.6	0.00614329	129.491
10000	4	0.2286	71.3	0.00400603	113.108
630	8.4	0.0508	31.7	0.00580776	125.856
630	8.9	0.1016	39.6	0.0124596	131.920
1250	3.3	0.1016	55.5	0.002211	132.769
4000	5.4	0.1524	39.6	0.00485029	117.137
10000	4	0.3048	71.3	0.00497773	110.905
1600	11.2	0.0508	71.3	0.014072	135.191
4000	4.8	0.0254	31.7	0.000930789	135.328
16000	0	0.3048	71.3	0.00266337	108.721
5000	5.4	0.1524	39.6	0.00485029	117.037
5000	4	0.2286	39.6	0.00473801	117.649
315	17.4	0.0254	71.3	0.016104	115.846
6300	0	0.1524	71.3	0.0015988	125.427
5000	9.9	0.1524	55.5	0.0208438	112.065
630	12.7	0.0254	39.6	0.0130253	128.867
5000	7.2	0.1524	39.6	0.00909175	113.288
400	22.2	0.0254	39.6	0.0229028	123.416
1600	0	0.0508	71.3	0.000740478	129.680
16000	2.7	0.1524	71.3	0.00243851	110.364
2000	0	0.2286	31.7	0.0027238	123.455
3150	0	0.1016	71.3	0.00121072	131.955
2500	17.4	0.0254	39.6	0.0172206	124.154
3150	3	0.3048	39.6	0.00495741	118.922
500	12.3	0.1016	39.6	0.0408268	122.205
630	4.8	0.0254	31.7	0.000930789	120.078
2500	0	0.0508	55.5	0.00076193	133.956
1000	4.2	0.0508	39.6	0.00152689	125.647
4000	0	0.0254	55.5	0.00041229	133.223
1000	8.4	0.0508	55.5	0.00544854	130.722
315	15.4	0.0508	71.3	0.0264269	126.195
1600	6.7	0.1016	39.6	0.00578076	127.375
800	12.7	0.0254	71.3	0.0121808	130.348
400	9.9	0.1524	39.6	0.0233328	128.345
6300	7.3	0.2286	31.7	0.0132672	110.689
2000	12.3	0.1016	31.7	0.0418756	110.447
2000	5.4	0.1524	55.5	0.00433288	128.707
4000	2	0.2286	71.3	0.00293031	124.086
500	4	0.2286	39.6	0.00473801	127.039
5000	0	0.0254	71.3	0.000400682	136.837
1600	2	0.2286	71.3	0.00293031	127.796
400	6.7	0.1016	31.7	0.00592927	128.296
500	5.4	0.1524	39.6	0.00485029	129.937
500	12.6	0.1524	39.6	0.0584113	114.900
2500	15.4	0.0508	55.5	0.0271925	125.630
1000	8.4	0.0508	31.7	0.00580776	129.516
1000	7.3	0.2286	31.7	0.0132672	119.099
1250	12.6	0.1524	71.3	0.0483159	120.154
6300	2.7	0.1524	39.6	0.00294804	119.209
5000	2	0.2286	39.6	0.00346574	118.827
1250	15.4	0.0508	55.5	0.0271925	130.000
12500	0	0.0254	31.7	0.000439472	128.977
500	15.6	0.1016	39.6	0.0528487	115.304
2000	0	0.1016	31.7	0.00150092	133.153
250	11.2	0.0508	71.3	0.014072	127.101
800	9.9	0.1524	39.6	0.0233328	126.345
6300	15.4	0.0508	71.3	0.0264269	115.215
1250	9.5	0.0254	71.3	0.00420654	131.656
1000	9.9	0.1524	71.3	0.0193001	126.349
10000	1.5	0.3048	39.6	0.00392107	108.991
2000	4.8	0.0254	39.6	0.000907475	128.916
5000	0	0.1524	31.7	0.00209405	122.397
250	5.3	0.2286	39.6	0.00614329	127.011
2500	8.4	0.0508	39.6	0.00566229	127.465
6300	0	0.0254	55.5	0.00041229	136.103
500	1.5	0.3048	39.6	0.00392107	126.661
6300	12.7	0.0254	71.3	0.0121808	125.398
800	5.4	0.1524	71.3	0.00401199	131.281
1250	4.2	0.0508	39.6	0.00152689	128.427
2500	1.5	0.3048	71.3	0.00336729	124.512
2500	5.4	0.1524	71.3	0.00401199	127.591
500	2.7	0.1524	39.6	0.00294804	121.009
500	9.5	0.0254	55.5	0.0043284	123.082
1000	3	0.3048	55.5	0.00452492	129.329
4000	17.4	0.0254	55.5	0.0165706	121.771
1250	2	0.2286	55.5	0.00313525	128.762
630	5.3	0.2286	39.6	0.00614329	132.011
400	17.4	0.0254	31.7	0.0176631	120.766
630	2	0.2286	39.6	0.00346574	127.417
6300	0	0.0254	71.3	0.000400682	134.987
1250	11.2	0.0508	71.3	0.014072	136.191
3150	4.8	0.0254	31.7	0.000930789	134.268
1250	12.3	0.1016	71.3	0.0337792	126.648
1000	9.5	0.0254	55.5	0.0043284	130.332
4000	17.4	0.0254	31.7	0.0176631	121.996
2500	12.7	0.0254	71.3	0.0121808	134.058
1250	15.4	0.0508	31.7	0.0289853	123.255
16000	0	0.2286	71.3	0.00214345	114.984
12500	2.7	0.1524	39.6	0.00294804	108.649
250	7.2	0.1524	39.6	0.00909175	127.488
16000	0	0.0254	55.5	0.00041229	125.683
3150	0	0.1016	31.7	0.00150092	129.973
1000	6.7	0.1016	71.3	0.00478288	136.758
800	0	0.1524	39.6	0.00193287	127.903
2000	0	0.1016	71.3	0.00121072	132.095
10000	5.3	0.2286	71.3	0.0051942	111.350
1000	3	0.3048	71.3	0.00425727	129.004
630	4	0.2286	31.7	0.00509068	130.349
1600	11.2	0.0508	39.6	0.0150478	126.540
800	12.3	0.1016	31.7	0.0418756	120.037
1000	3.3	0.1016	71.3	0.00202822	131.434
800	9.9	0.1524	31.7	0.0252785	125.539
630	3	0.3048	71.3	0.00425727	129.354
800	4	0.2286	71.3	0.00400603	130.688